
0.0
0.723607
-0.276388
-0.894426
-0.276388
0.723607
0.276388
-0.723607
-0.723607
0.276388
0.894426
0.0
-0.232822
-0.162456
-0.077607
0.203181
0.425323
0.609547
0.531941
0.262869
-0.029639
0.812729
0.850648
0.812729
0.203181
0.425323
0.609547
-0.753442
-0.52573
-0.251147
-0.483971
-0.688189
-0.831051
-0.232822
-0.162456
-0.077607
-0.831051
-0.688189
-0.483971
-0.029639
0.262869
0.531941
0.956626
0.951058
0.860698
0.860698
0.951058
0.956626
0.155215
0.0
-0.155215
0.687159
0.587786
0.436007
-0.860698
-0.951058
-0.956626
-0.436007
-0.587786
-0.687159
-0.687159
-0.587786
-0.436007
-0.956626
-0.951058
-0.860698
0.436007
0.587786
0.687159
-0.155215
0.0
0.155215
0.831051
0.688189
0.483971
0.029639
-0.262869
-0.531941
-0.812729
-0.850648
-0.812729
-0.531941
-0.262869
0.029639
0.483971
0.688189
0.831051
0.077607
0.162456
0.232822
0.753442
0.52573
0.251147
-0.203181
-0.425323
-0.609547
-0.203181
-0.425323
-0.609547
0.077607
0.162456
0.232822
0.3618
0.638194
0.447209
-0.138197
-0.05279
-0.361804
-0.44721
-0.670817
-0.670817
-0.138197
-0.361804
-0.05279
0.3618
0.447209
0.638194
0.861804
0.809019
0.670821
-0.138199
-0.309016
-0.447215
-0.947213
-1.0
-0.947213
-0.447216
-0.309017
-0.138199
0.67082
0.809019
0.861804
0.309017
0.447216
0.138199
-0.809018
-0.670819
-0.861803
-0.809018
-0.861803
-0.670819
0.309017
0.138199
0.447216
1.0
0.947213
0.947213
0.361803
0.138197
0.052789
-0.447211
-0.361801
-0.638195
-0.638195
-0.361801
-0.447211
0.670817
0.670818
0.447211
0.05279
0.138199
0.361805

Process finished with exit code 0
